(528,53)
(456,217)
(312,223)
(62,232)
(540,63)
(627,181)
(734,64)
(795,159)
(436,145)
(41,52)
(717,93)
(672,29)
(279,434)
(191,27)
(193,121)
(479,202)
(836,50)
(642,318)
(774,224)
(792,47)
(465,80)
(582,62)
(466,101)
(831,73)
(101,67)
(112,46)
(502,37)
(550,40)
(344,190)
(178,273)
(749,305)
(31,36)
(263,123)
(789,33)
(556,44)
(884,43)
(167,69)
(493,135)
(294,150)
(383,71)
(788,249)
(639,148)
(271,278)
(676,77)
(91,98)
(388,52)
(69,65)
(290,150)
(747,293)
(284,47)
(874,34)
(929,49)
(801,26)
(396,54)
(714,44)
(226,50)
(172,27)
(686,71)
(568,81)
(406,342)
(10,184)
(490,57)
(259,46)
(186,92)
(352,42)
(823,185)
(174,177)
(730,38)
(254,159)
(375,28)
(58,154)
(370,75)
(498,149)
(413,50)
(471,31)
(939,49)
(890,119)
(194,305)
(378,375)
(201,386)
(488,154)
(843,204)
(116,143)
(938,108)
(825,145)
(222,387)
(633,58)
(257,57)
(209,33)
(518,73)
(410,28)
(104,111)
(535,218)
(575,26)
(182,28)
(869,47)
(544,31)
(637,104)
(148,65)
(590,48)
(24,68)
(239,159)
(768,64)
(635,34)
(593,156)
(555,52)
(878,134)
(900,45)
(675,34)
(665,142)
(530,45)
(798,239)
(790,231)
(623,45)
(577,188)
(748,108)
(538,81)
(918,103)
(500,225)
(72,137)
(670,46)
(323,89)
(160,120)
(79,55)
(381,127)
(404,44)
(449,75)
(489,109)
(289,27)
(697,105)
(928,32)
(660,224)
(348,58)
(446,36)
(692,40)
(424,44)
(905,40)
(277,54)
(157,51)
(315,87)
(454,236)
(742,26)
(159,107)
(358,43)
(632,118)
(754,34)
(690,115)
(787,57)
(376,30)
(854,217)
(56,187)
(933,184)
(447,139)
(3,54)
(185,48)
(657,29)
(661,121)
(819,28)
(712,162)
(311,294)
(66,38)
(176,63)
(610,75)
(460,68)
(756,109)
(673,35)
(215,93)
(64,200)
(628,27)
(158,173)
(343,237)
(699,149)
(777,36)
(100,59)
(597,41)
(320,154)
(859,39)
(669,100)
(211,37)
(340,44)
(775,28)
(711,221)
(397,102)
(932,241)
(68,34)
(363,311)
(307,112)
(773,161)
(144,206)
(416,493)
(427,31)
(907,147)
(499,102)
(419,32)
(467,44)
(238,29)
(592,360)
(345,232)
(741,104)
(703,47)
(507,58)
(324,66)
(667,47)
(138,51)
(794,39)
(305,222)
(411,58)
(28,79)
(89,76)
(793,55)
(25,78)
(903,136)
(761,66)
(496,129)
(693,154)
(755,38)
(713,30)
(330,147)
(150,32)
(728,26)
(785,27)
(813,29)
(645,122)
(872,71)
(519,49)
(256,207)
(539,56)
(22,128)
(930,63)
(389,271)
(338,75)
(814,35)
(76,82)
(399,319)
(99,136)
(566,149)
(899,135)
(552,84)
(865,66)
(885,102)
(249,161)
(886,240)
(204,42)
(16,140)
(92,388)
(796,358)
(439,31)
(175,38)
(328,283)
(705,114)
(553,100)
(247,26)
(497,279)
(919,217)
(433,41)
(200,216)
(306,32)
(841,31)
(495,213)
(464,53)
(671,124)
(910,60)
(8,59)
(504,251)
(261,27)
(293,388)
(287,62)
(146,29)
(40,35)
(468,143)
(650,311)
(87,211)
(923,74)
(480,60)
(562,72)
(659,191)
(482,26)
(12,51)
(347,199)
(474,327)
(856,26)
(217,76)
(102,216)
(161,58)
(417,365)
(574,46)
(760,41)
(96,56)
(861,43)
(797,26)
(42,183)
(531,30)
(757,166)
(463,133)
(505,112)
(506,242)
(230,133)
(867,95)
(767,37)
(604,27)
(543,197)
(525,54)
(81,58)
(658,71)
(244,238)
(621,171)
(208,33)
(229,30)
(84,68)
(935,39)
(412,51)
(893,59)
(334,333)
(612,27)
(60,208)
(871,115)
(268,328)
(769,29)
(626,32)
(173,43)
(654,147)
(892,226)
(581,28)
(781,42)
(196,39)
(73,66)
(152,106)
(583,27)
(564,34)
(648,297)
(94,400)
(183,53)
(177,115)
(646,38)
(491,33)
(478,113)
(129,30)
(720,30)
(827,28)
(450,540)
(162,42)
(354,233)
(145,316)
(554,114)
(678,28)
(817,36)
(862,165)
(839,57)
(580,47)
(149,36)
(434,44)
(473,35)
(286,288)
(806,140)
(421,62)
(920,26)
(187,56)
(487,231)
(647,58)
(805,273)
(851,209)
(313,262)
(235,94)
(615,103)
(934,174)
(545,162)
(379,196)
(618,216)
(90,300)
(137,47)
(470,57)
(619,89)
(750,33)
(342,201)
(151,307)
(608,163)
(314,245)
(770,64)
(896,362)
(663,158)
(630,108)
(192,35)
(225,27)
(181,435)
(38,121)
(223,105)
(43,221)
(74,39)
(70,131)
(906,41)
(285,32)
(509,33)
(724,85)
(281,26)
(253,97)
(188,112)
(883,268)
(391,121)
(82,168)
(232,93)
(346,193)
(332,183)
(766,175)
(426,101)
(927,120)
(190,59)
(753,57)
(702,31)
(664,166)
(301,275)
(494,47)
(523,100)
(889,326)
(875,89)
(355,26)
(503,160)
(357,76)
(629,121)
(13,636)
(846,405)
(617,108)
(847,146)
(853,41)
(333,26)
(292,124)
(23,151)
(784,39)
(691,32)
(815,183)
(237,48)
(274,71)
(472,263)
(428,55)
(18,277)
(852,49)
(860,71)
(409,203)
(838,93)
(71,38)
(448,38)
(462,33)
(299,280)
(644,42)
(128,184)
(477,35)
(601,148)
(331,70)
(350,50)
(125,182)
(917,35)
(821,62)
(931,61)
(458,183)
(382,53)
(532,274)
(98,27)
(203,43)
(199,40)
(842,27)
(272,51)
(403,50)
(37,57)
(902,49)
(233,110)
(515,40)
(164,63)
(429,414)
(368,45)
(625,106)
(613,28)
(492,55)
(296,147)
(802,75)
(210,132)
(44,151)
(276,518)
(576,36)
(398,172)
(322,51)
(453,156)
(452,206)
(423,64)
(826,115)
(329,65)
(738,148)
(476,83)
(75,79)
(524,306)
(206,64)
(517,37)
(52,56)
(435,379)
(641,40)
(321,125)
(522,30)
(704,90)
(943,168)
(197,118)
(17,28)
(877,81)
(810,26)
(262,160)
(879,29)
(361,121)
(243,81)
(180,63)
(445,135)
(800,28)
(696,29)
(387,304)
(585,80)
(901,124)
(459,118)
(783,30)
(168,69)
(546,59)
(602,29)
(746,67)
(349,41)
(527,137)
(295,196)
(59,382)
(603,47)
(521,150)
(573,51)
(924,82)
(250,122)
(640,109)
(595,96)
(367,58)
(529,43)
(65,80)
(303,484)
(359,27)
(655,685)
(20,48)
(67,30)
(5,175)
(891,47)
(510,30)
(694,157)
(563,30)
(85,288)
(739,35)
(380,162)
(207,230)
(634,135)
(894,245)
(904,47)
(198,181)
(264,120)
(829,64)
(457,277)
(735,53)
(469,43)
(221,146)
(113,51)
(727,322)
(759,32)
(6,211)
(541,133)
(624,141)
(291,296)
(579,74)
(135,55)
(752,73)
(868,208)
(184,251)
(666,245)
(110,133)
(171,28)
(779,37)
(537,490)
(828,104)
(870,269)
(339,254)
(189,187)
(915,26)
(29,34)
(780,55)
(422,97)
(616,43)
(715,167)
(179,42)
(442,143)
(485,26)
(267,185)
(483,59)
(325,142)
(216,131)
(881,259)
(142,33)
(778,65)
(937,40)
(804,332)
(408,27)
(195,96)
(304,26)
(425,204)
(437,263)
(850,51)
(668,46)
(844,81)
(360,102)
(534,80)
(606,236)
(880,368)
(126,45)
(786,117)
(912,53)
(432,62)
(600,89)
(405,737)
(283,53)
(46,27)
(533,260)
(373,233)
(219,28)
(709,138)
(733,107)
(270,138)
(701,33)
(908,74)
(318,174)
(887,171)
(136,35)
(288,75)
(108,33)
(567,155)
(49,215)
(707,236)
(224,141)
(916,317)
(484,139)
(830,106)
(48,66)
(718,39)
(97,63)
(863,107)
(758,357)
(551,334)
(280,258)
(611,42)
(32,41)
(255,83)
(54,65)
(679,62)
(393,448)
(897,185)
(683,75)
(438,33)
(719,67)
(940,107)
(689,36)
(782,232)
(119,181)
(803,33)
(236,124)
(771,70)
(620,110)
(117,86)
(392,111)
(395,57)
(80,29)
(643,206)
(455,189)
(337,34)
(721,168)
(130,353)
(764,109)
(269,323)
(848,150)
(327,284)
(371,51)
(265,46)
(508,87)
(372,66)
(30,43)
(605,90)
(706,29)
(536,163)
(710,86)
(1,272)
(909,26)
(77,72)
(638,67)
(722,42)
(234,480)
(743,35)
(394,149)
(251,77)
(57,106)
(21,179)
(925,32)
(385,281)
(840,197)
(15,104)
(106,64)
(653,283)
(390,31)
(942,79)
(514,194)
(407,226)
(141,107)
(227,58)
(123,54)
(156,37)
(213,126)
(420,36)
(751,168)
(122,61)
(864,294)
(95,278)
(614,39)
(622,228)
(451,98)
(834,54)
(275,95)
(118,71)
(674,41)
(911,98)
(115,92)
(326,187)
(560,101)
(548,155)
(154,51)
(772,33)
(835,102)
(833,267)
(677,49)
(165,30)
(45,48)
(377,33)
(131,30)
(83,155)
(569,70)
(745,60)
(807,204)
(763,129)
(776,105)
(898,30)
(121,74)
(63,93)
(11,181)
(298,127)
(133,26)
(922,127)
(402,68)
(401,153)
(586,166)
(246,195)
(936,142)
(486,189)
(731,83)
(589,43)
(103,29)
(351,44)
(365,58)
(26,107)
(913,132)
(297,192)
(921,110)
(316,75)
(845,31)
(14,98)
(599,47)
(737,33)
(561,357)
(588,225)
(7,403)
(53,28)
(218,53)
(591,84)
(559,76)
(120,26)
(366,33)
(2,62)
(214,128)
(501,73)
(336,130)
(716,269)
(680,38)
(440,51)
(542,135)
(565,35)
(109,234)
(682,399)
(430,65)
(557,53)
(169,37)
(481,56)
(744,27)
(698,127)
(248,56)
(695,38)
(607,37)
(587,98)
(684,86)
(374,274)
(609,28)
(882,137)
(837,46)
(308,397)
(526,68)
(114,48)
(708,105)
